// #notes: PVP_GodRoll
https://destinytracker.com/destiny-2/db/items/821154603-gnawing-hunger?perks=1294026524,3250034553,3142289711,1890422124,1015611457,4248210736,2323986101,518224747,2285418970,2931483505#notes:PVP_GodRoll
https://destinytracker.com/destiny-2/db/items/821154603-gnawing-hunger?perks=1294026524,1482024992,3142289711,1890422124,1015611457,4248210736,2323986101,518224747,2285418970,2931483505#notes:PVP_GodRoll
https://destinytracker.com/destiny-2/db/items/3143732432-false-promises?perks=1019291327,3250034553,1561002382,1359896290,2387244414,4248210736,2323986101,0,0,2285418970#notes:PVP_GodRoll
https://destinytracker.com/destiny-2/db/items/3143732432-false-promises?perks=1019291327,3250034553,1561002382,1359896290,3425386926,4248210736,2323986101,0,0,2285418970#notes:PVP_GodRoll
https://destinytracker.com/destiny-2/db/items/3143732432-false-promises?perks=1019291327,3250034553,1561002382,2450788523,2387244414,4248210736,2323986101,0,0,2285418970#notes:PVP_GodRoll
https://destinytracker.com/destiny-2/db/items/3143732432-false-promises?perks=1019291327,3250034553,1561002382,2450788523,3425386926,4248210736,2323986101,0,0,2285418970#notes:PVP_GodRoll
https://destinytracker.com/destiny-2/db/items/2050789284-stars-in-shadow?perks=1019291327,839105230,3142289711,1168162263,1015611457,4248210736,2323986101,150943607,0,2285418970#notes:PVP_GodRoll
https://destinytracker.com/destiny-2/db/items/2050789284-stars-in-shadow?perks=1019291327,839105230,3142289711,706527188,1015611457,4248210736,2323986101,150943607,0,2285418970#notes:PVP_GodRoll
https://destinytracker.com/destiny-2/db/items/1216130969-cold-denial?perks=1019291327,1467527085,1885400500,2779035018,2458213969,4248210736,2323986101,1590375901,2931483505,2285418970#notes:PVP_GodRoll
https://destinytracker.com/destiny-2/db/items/1216130969-cold-denial?perks=1019291327,3661387068,1885400500,2779035018,2458213969,4248210736,2323986101,1590375901,2931483505,2285418970#notes:PVP_GodRoll
https://destinytracker.com/destiny-2/db/items/2742838701-dire-promise?perks=1294026524,1926090093,1885400500,47981717,2846385770,4248210736,2323986101,0,0,2285418970#notes:PVP_GodRoll
https://destinytracker.com/destiny-2/db/items/2220884262-the-steady-hand?perks=2757685314,1926090092,1561002382,3161816588,11551321,4248210736,2323986101,1590375901,0,2285418970#notes:PVP_GodRoll
https://destinytracker.com/destiny-2/db/items/2220884262-the-steady-hand?perks=2757685314,1926090092,679225683,3161816588,11551321,4248210736,2323986101,1590375901,0,2285418970#notes:PVP_GodRoll
https://destinytracker.com/destiny-2/db/items/2220884262-the-steady-hand?perks=2757685314,1926090092,1561002382,2450788523,11551321,4248210736,2323986101,1590375901,0,2285418970#notes:PVP_GodRoll
https://destinytracker.com/destiny-2/db/items/2220884262-the-steady-hand?perks=2757685314,1926090092,679225683,2450788523,11551321,4248210736,2323986101,1590375901,0,2285418970#notes:PVP_GodRoll
https://destinytracker.com/destiny-2/db/items/1046651176-bottom-dollar?perks=2757685314,3250034553,3142289711,2846385770,3038247973,4248210736,2323986101,0,0,2285418970#notes:PVP_GodRoll
https://destinytracker.com/destiny-2/db/items/1046651176-bottom-dollar?perks=2757685314,3250034553,3142289711,2846385770,47981717,4248210736,2323986101,0,0,2285418970#notes:PVP_GodRoll
https://destinytracker.com/destiny-2/db/items/2222560548-ikelossmgv102?perks=1525239159,3250034553,3142289711,1359896290,1890422124,4248210736,2323986101,0,0,2285418970#notes:PVP_GodRoll
https://destinytracker.com/destiny-2/db/items/65611680-the-fools-remedy?perks=806997698,445755704,1885400500,588594999,4152709778,4248210736,2323986101,0,0,2285418970#notes:PVP_GodRoll
https://destinytracker.com/destiny-2/db/items/65611680-the-fools-remedy?perks=806997698,445755704,1885400500,588594999,2846385770,4248210736,2323986101,0,0,2285418970#notes:PVP_GodRoll
https://destinytracker.com/destiny-2/db/items/1253087083-ikelossrv102?perks=878286503,1840239774,1140096971,588594999,706527188,4248210736,2323986101,0,0,2285418970#notes:PVP_GodRoll
https://destinytracker.com/destiny-2/db/items/1253087083-ikelossrv102?perks=878286503,1840239774,3142289711,588594999,706527188,4248210736,2323986101,0,0,2285418970#notes:PVP_GodRoll
https://destinytracker.com/destiny-2/db/items/3473290087-frozen-orbit?perks=3468089894,3250034553,3142289711,588594999,706527188,4248210736,2323986101,0,0,2285418970#notes:PVP_GodRoll
https://destinytracker.com/destiny-2/db/items/3473290087-frozen-orbit?perks=3468089894,3250034553,3142289711,588594999,957782887,4248210736,2323986101,0,0,2285418970#notes:PVP_GodRoll
https://destinytracker.com/destiny-2/db/items/893527433-far-future?perks=1294026524,3250034553,3142289711,588594999,47981717,4248210736,2323986101,0,0,2285418970#notes:PVP_GodRoll
https://destinytracker.com/destiny-2/db/items/893527433-far-future?perks=1294026524,3250034553,3142289711,706527188,47981717,4248210736,2323986101,0,0,2285418970#notes:PVP_GodRoll
https://destinytracker.com/destiny-2/db/items/1946491241-truthteller?perks=474269988,3798852852,3301904089,2779035018,4082225868,4248210736,2323986101,0,0,2285418970#notes:GodRoll
https://destinytracker.com/destiny-2/db/items/1946491241-truthteller?perks=474269988,1441682018,3301904089,2779035018,4082225868,4248210736,2323986101,0,0,2285418970#notes:GodRoll
https://destinytracker.com/destiny-2/db/items/1946491241-truthteller?perks=474269988,3798852852,3301904089,2779035018,3523296417,4248210736,2323986101,0,0,2285418970#notes:GodRoll
https://destinytracker.com/destiny-2/db/items/1946491241-truthteller?perks=474269988,3798852852,3301904089,2779035018,4082225868,4248210736,2323986101,0,0,2285418970#notes:GodRoll
https://destinytracker.com/destiny-2/db/items/47772649-the-swarm?perks=1019291327,3250034553,3142289711,1359896290,1890422124,4248210736,2323986101,0,0,2285418970#notes:PVP_GodRoll
https://destinytracker.com/destiny-2/db/items/47772649-the-swarm?perks=1019291327,4090651448,3142289711,1359896290,1890422124,4248210736,2323986101,0,0,2285418970#notes:PVP_GodRoll
https://destinytracker.com/destiny-2/db/items/614426548-falling-guillotine?perks=263649945,2827049491,269888150,1749209109,3913600130,4248210736,2323986101,1486919755,2931483505,2285418970#notes:PVP_GodRoll
https://destinytracker.com/destiny-2/db/items/614426548-falling-guillotine?perks=263649945,938542991,269888150,1749209109,3913600130,4248210736,2323986101,1486919755,2931483505,2285418970#notes:PVP_GodRoll
https://destinytracker.com/destiny-2/db/items/2496242052-code-duello?perks=1019291327,3525010810,2822142346,706527188,3108830275,4248210736,2323986101,0,0,2285418970#notes:PVP_GodRoll
https://destinytracker.com/destiny-2/db/items/2496242052-code-duello?perks=1019291327,3525010810,2822142346,706527188,1275731761,4248210736,2323986101,0,0,2285418970#notes:PVP_GodRoll

https://destinytracker.com/destiny-2/db/items/1967303408-archons-thunder?perks=1019291327,4090651448,3142289711,2846385770,11551321,4248210736,2323986101,518224747,0,2285418970#notes:PVP_GodRoll
https://destinytracker.com/destiny-2/db/items/1967303408-archons-thunder?perks=1019291327,4090651448,3142289711,2450788523,11551321,4248210736,2323986101,518224747,0,2285418970#notes:PVP_GodRoll
https://destinytracker.com/destiny-2/db/items/108221785-riiswalker?perks=1458010786,1332244541,3142289711,706527188,591790007,4248210736,2323986101,518224747,0,2285418970#notes:PVP_GodRoll
https://destinytracker.com/destiny-2/db/items/108221785-riiswalker?perks=1458010786,1482024992,3142289711,706527188,591790007,4248210736,2323986101,518224747,0,2285418970#notes:PVP_GodRoll
https://destinytracker.com/destiny-2/db/items/1621558458-gridskipper?perks=878286503,4090651448,1885400500,2946784966,4104185692,4248210736,2323986101,518224747,0,2285418970#notes:PVP_GodRoll
https://destinytracker.com/destiny-2/db/items/1621558458-gridskipper?perks=878286503,839105230,1885400500,2946784966,4104185692,4248210736,2323986101,518224747,0,2285418970#notes:PVP_GodRoll
https://destinytracker.com/destiny-2/db/items/852551895-occluded-finality?perks=3468089894,4090651448,1885400500,957782887,47981717,4248210736,2323986101,518224747,0,2285418970#notes:PVP_GodRoll
https://destinytracker.com/destiny-2/db/items/852551895-occluded-finality?perks=3468089894,1467527085,1885400500,957782887,47981717,4248210736,2323986101,518224747,0,2285418970#notes:PVP_GodRoll
https://destinytracker.com/destiny-2/db/items/4281371574-hung-jury-sr4?perks=1636108362,3250034553,3142289711,247725512,3038247973,4248210736,2323986101,518224747,0,2285418970#notes:PVP_GodRoll
https://destinytracker.com/destiny-2/db/items/4281371574-hung-jury-sr4?perks=1636108362,3250034553,3142289711,588594999,3038247973,4248210736,2323986101,518224747,0,2285418970#notes:PVP_GodRoll
https://destinytracker.com/destiny-2/db/items/4281371574-hung-jury-sr4?perks=1636108362,1482024992,3142289711,588594999,3038247973,4248210736,2323986101,518224747,0,2285418970#notes:PVP_GodRoll
https://destinytracker.com/destiny-2/db/items/4281371574-hung-jury-sr4?perks=1636108362,1482024992,3142289711,247725512,3038247973,4248210736,2323986101,518224747,0,2285418970#notes:PVP_GodRoll
https://destinytracker.com/destiny-2/db/items/304659313-ignition-code?perks=474269988,3525010810,3301904089,706527188,2726471870,4248210736,2323986101,518224747,0,2285418970#notes:PVP_GodRoll
https://destinytracker.com/destiny-2/db/items/304659313-ignition-code?perks=474269988,3525010810,3301904089,706527188,1546637391,4248210736,2323986101,518224747,0,2285418970#notes:PVP_GodRoll
https://destinytracker.com/destiny-2/db/items/304659313-ignition-code?perks=474269988,3525010810,3301904089,3161816588,1546637391,4248210736,2323986101,518224747,0,2285418970#notes:PVP_GodRoll
https://destinytracker.com/destiny-2/db/items/304659313-ignition-code?perks=474269988,3525010810,3301904089,3161816588,2726471870,4248210736,2323986101,518224747,0,2285418970#notes:PVP_GodRoll
https://destinytracker.com/destiny-2/db/items/304659313-ignition-code?perks=474269988,3525010810,409831596,3161816588,2726471870,4248210736,2323986101,518224747,0,2285418970#notes:PVP_GodRoll
https://destinytracker.com/destiny-2/db/items/304659313-ignition-code?perks=474269988,3525010810,409831596,3161816588,1546637391,4248210736,2323986101,518224747,0,2285418970#notes:PVP_GodRoll
https://destinytracker.com/destiny-2/db/items/1119734784-chroma-rush?perks=878286503,3250034553,3142289711,1359896290,3425386926,4248210736,2323986101,518224747,0,2285418970#notes:PVP_GodRoll
https://destinytracker.com/destiny-2/db/items/1119734784-chroma-rush?perks=878286503,3250034553,3142289711,1359896290,2726471870,4248210736,2323986101,518224747,0,2285418970#notes:PVP_GodRoll
https://destinytracker.com/destiny-2/db/items/1119734784-chroma-rush?perks=878286503,4090651448,3142289711,1359896290,2726471870,4248210736,2323986101,518224747,0,2285418970#notes:PVP_GodRoll
https://destinytracker.com/destiny-2/db/items/1119734784-chroma-rush?perks=878286503,4090651448,3142289711,1359896290,3425386926,4248210736,2323986101,518224747,0,2285418970#notes:PVP_GodRoll
https://destinytracker.com/destiny-2/db/items/1289000550-plug-one1?perks=1636108362,4090651448,2969185026,1570042021,1754714824,4248210736,2323986101,518224747,0,2285418970#notes:PVP_GodRoll
https://destinytracker.com/destiny-2/db/items/1289000550-plug-one1?perks=1636108362,4090651448,689005463,1570042021,1754714824,4248210736,2323986101,518224747,0,2285418970#notes:PVP_GodRoll

// Format
// https://raw.githubusercontent.com/48klocs/dim-wish-list-sources/master/voltron.txt